Number of clusters with the best measure
K = 24 QM = 1.987498 
Centers of the clusters:
C0 0.068857 0.085714 0.088000 0.092286 0.116714 0.118714 0.047429 0.096286 0.102429 0.028286 0.040857 0.090714 0.110571 0.086714 0.135286 0.090571 0.074286 0.051286 0.111571 0.097286 0.094714 0.164429 0.089000 0.126429 0.170714 0.187714 0.106571 0.146714 0.145143 0.112857 0.136143 0.104857 0.124000 0.051286 0.107714 0.119571 0.159143 0.146143 0.126143 0.141857 0.111571 0.116429 0.120000 0.109571 0.104714 0.214143 0.188857 0.167714 0.221714 0.131857 0.228857 0.824857 
C1 0.586667 0.638333 0.488333 0.301667 0.553333 0.316667 0.605000 0.318333 0.456667 0.373333 0.350000 0.368333 0.583333 0.415000 0.343333 0.538333 0.553333 0.555000 0.788333 0.718333 0.645000 0.515000 0.406667 0.358333 0.561667 0.256667 0.311667 0.533333 0.495000 0.381667 0.386667 0.235000 0.385000 0.400000 0.496667 0.560000 0.320000 0.301667 0.345000 0.155000 0.140000 0.396667 0.330000 0.450000 0.590000 0.183333 0.245000 0.325000 0.408333 0.425000 0.505000 0.145000 
C2 0.360000 0.730000 0.450000 0.550000 0.640000 0.450000 0.360000 0.910000 0.820000 0.270000 1.000000 0.550000 0.090000 0.360000 0.820000 0.450000 0.360000 0.730000 0.640000 0.360000 0.360000 0.910000 0.730000 0.450000 0.640000 0.450000 1.000000 0.180000 0.000000 0.910000 0.730000 0.550000 0.360000 0.450000 0.360000 0.550000 0.270000 0.820000 0.820000 0.550000 0.000000 0.180000 0.270000 1.000000 0.180000 0.180000 0.360000 0.450000 1.000000 0.450000 0.450000 0.360000 
C3 0.040179 0.055000 0.035625 0.025268 0.053571 0.058750 0.075804 0.049107 0.011161 0.053482 0.075893 0.035625 0.026696 0.071339 0.078839 0.066875 0.041607 0.095179 0.089196 0.064732 0.065446 0.108571 0.169554 0.117411 0.124911 0.140536 0.051964 0.021518 0.046161 0.041607 0.038661 0.093661 0.057946 0.077321 0.035714 0.086250 0.069821 0.046786 0.057946 0.052768 0.101071 0.080268 0.123482 0.062411 0.120357 0.092143 0.130179 0.055000 0.201607 0.023750 0.145804 0.028214 
C4 0.103265 0.068776 0.056939 0.093265 0.085306 0.063878 0.119796 0.067755 0.058571 0.126122 0.117143 0.051020 0.085510 0.098571 0.123061 0.047551 0.042041 0.070408 0.092449 0.115102 0.167959 0.140408 0.067143 0.111020 0.189184 0.321224 0.063878 0.128776 0.122245 0.080000 0.121224 0.107959 0.072653 0.111224 0.126531 0.056122 0.078980 0.254898 0.222041 0.115714 0.127143 0.167959 0.208776 0.180204 0.222041 0.188367 0.324286 0.206122 0.141224 0.741429 0.204898 0.253673 
C5 0.071429 0.074082 0.122449 0.132245 0.152653 0.094286 0.153061 0.097959 0.117959 0.142653 0.109184 0.137551 0.216735 0.193265 0.192041 0.093265 0.148163 0.108776 0.194898 0.078776 0.129184 0.162245 0.221633 0.161224 0.389184 0.445510 0.142653 0.147551 0.153878 0.184490 0.161633 0.247551 0.274286 0.327755 0.241020 0.223878 0.248163 0.149388 0.147143 0.238367 0.331020 0.198776 0.182449 0.266122 0.276531 0.373061 0.347755 0.322857 0.394898 0.298571 0.635102 0.428367 
C6 0.225714 0.564286 0.095714 0.468571 0.244286 0.262857 0.260000 0.380000 0.785714 0.210000 0.367143 0.168571 0.227143 0.220000 0.172857 0.241429 0.381429 0.920000 0.195714 0.115714 0.447143 0.538571 0.178571 0.245714 0.652857 0.230000 0.237143 0.384286 0.365714 0.281429 0.430000 0.198571 0.378571 0.182857 0.247143 0.527143 0.402857 0.362857 0.238571 0.222857 0.317143 0.480000 0.482857 0.162857 0.355714 0.631429 0.534286 0.288571 0.242857 0.458571 0.152857 0.507143 
C7 1.000000 0.000000 0.000000 0.000000 0.000000 0.000000 0.000000 0.000000 0.000000 1.000000 1.000000 1.000000 0.000000 0.000000 0.000000 0.000000 0.000000 0.000000 0.000000 0.000000 0.000000 0.000000 0.000000 1.000000 1.000000 1.000000 0.000000 0.000000 0.000000 0.000000 0.000000 1.000000 0.000000 0.000000 0.000000 1.000000 1.000000 0.000000 0.000000 0.000000 0.000000 1.000000 1.000000 1.000000 0.000000 0.000000 0.000000 0.000000 0.000000 1.000000 1.000000 0.000000 
C8 0.510667 0.345333 0.536333 0.403667 0.417667 0.633333 0.463333 0.412667 0.454333 0.399333 0.452333 0.622333 0.601667 0.487333 0.522000 0.613333 0.544333 0.517667 0.471667 0.628000 0.613333 0.535000 0.669000 0.723333 0.650333 0.791667 0.212333 0.275000 0.285667 0.273667 0.324333 0.283667 0.379333 0.319000 0.458667 0.332667 0.285667 0.390667 0.436333 0.345333 0.344000 0.315333 0.321000 0.383333 0.448000 0.387667 0.365333 0.371000 0.389000 0.565000 0.572000 0.743333 
C9 0.424167 0.407083 0.426250 0.449375 0.470000 0.368542 0.398542 0.546042 0.424583 0.391667 0.577292 0.444583 0.503333 0.397917 0.441458 0.372500 0.442083 0.558542 0.412500 0.568542 0.407500 0.527292 0.489792 0.515833 0.531875 0.700833 0.297292 0.238542 0.375208 0.292708 0.276042 0.407292 0.354583 0.241875 0.356250 0.265833 0.370417 0.338958 0.336042 0.337083 0.310208 0.319167 0.456875 0.316875 0.302500 0.443125 0.404375 0.417500 0.422708 0.569375 0.534583 0.582292 
C10 0.184068 0.205763 0.260678 0.244915 0.270678 0.255254 0.248475 0.290169 0.241864 0.246949 0.229492 0.237966 0.224915 0.243051 0.304576 0.294915 0.238983 0.255932 0.296102 0.315763 0.272881 0.272373 0.323390 0.424237 0.386271 0.478136 0.224237 0.223051 0.234407 0.245254 0.285085 0.200847 0.249831 0.304068 0.303729 0.284915 0.289492 0.267119 0.280339 0.333220 0.393559 0.244068 0.338814 0.401356 0.409492 0.275085 0.389153 0.387966 0.398644 0.381356 0.349831 0.708983 
C11 0.340000 0.373846 0.248462 0.350769 0.234615 0.256154 0.613077 0.317692 0.383077 0.182308 0.380000 0.538462 0.349231 0.323077 0.331538 0.225385 0.552308 0.343846 0.424615 0.430769 0.403846 0.452308 0.559231 0.396923 0.580769 0.460769 0.280000 0.210769 0.250000 0.302308 0.440769 0.230769 0.336154 0.547692 0.282308 0.319231 0.300769 0.536154 0.671538 0.272308 0.319231 0.362308 0.287692 0.426154 0.392308 0.381538 0.224615 0.370000 0.230000 0.440000 0.339231 0.420769 
C12 0.423871 0.385806 0.509355 0.507419 0.490323 0.446452 0.557419 0.439032 0.453871 0.538387 0.358710 0.566129 0.489677 0.374839 0.411935 0.507097 0.418387 0.386452 0.563226 0.292903 0.410323 0.315484 0.434516 0.452258 0.424839 0.350645 0.369032 0.346774 0.412903 0.228387 0.313548 0.418065 0.265806 0.492258 0.317419 0.374194 0.479032 0.317742 0.374516 0.426452 0.403548 0.305806 0.304516 0.402581 0.357742 0.317419 0.362258 0.443226 0.599355 0.494194 0.361613 0.498065 
C13 0.354554 0.300099 0.309802 0.324059 0.372079 0.330594 0.343267 0.339010 0.357030 0.415644 0.327228 0.328119 0.368416 0.398812 0.414059 0.434455 0.365842 0.439208 0.429109 0.392970 0.423762 0.465545 0.491188 0.544455 0.699505 0.591584 0.203663 0.248812 0.182772 0.249901 0.234158 0.263762 0.221089 0.254653 0.244257 0.260792 0.245743 0.286733 0.274455 0.295842 0.279703 0.348218 0.344257 0.298515 0.313366 0.325644 0.369109 0.402574 0.353366 0.444554 0.548614 0.607822 
C14 0.345385 0.551538 0.630000 0.770769 0.620769 0.668462 0.666923 0.645385 0.358462 0.625385 0.662308 0.534615 0.410000 0.523846 0.670000 0.679231 0.586154 0.706154 0.503077 0.549231 0.537692 0.588462 0.511538 0.466923 0.296923 0.406154 0.225385 0.523077 0.460000 0.415385 0.287692 0.187692 0.277692 0.480000 0.404615 0.476923 0.379231 0.343846 0.480000 0.476923 0.510000 0.477692 0.556923 0.405385 0.493846 0.367692 0.363846 0.335385 0.564615 0.476154 0.365385 0.326154 
C15 0.421538 0.331154 0.386154 0.576923 0.355769 0.495769 0.485769 0.558462 0.455385 0.463846 0.563846 0.372308 0.663462 0.547308 0.562308 0.477692 0.453462 0.466538 0.702692 0.484231 0.482308 0.439615 0.445385 0.435385 0.429615 0.210769 0.180000 0.222692 0.244615 0.323077 0.359615 0.300769 0.298462 0.250385 0.283462 0.286538 0.270769 0.232308 0.298462 0.320769 0.335385 0.262308 0.286538 0.306538 0.413077 0.409231 0.366154 0.408077 0.306538 0.280000 0.286154 0.151154 
C16 0.602692 0.562308 0.572692 0.636923 0.718077 0.645000 0.739231 0.540385 0.712308 0.613846 0.575769 0.681538 0.587692 0.704231 0.534231 0.755000 0.742692 0.634231 0.631923 0.735769 0.582692 0.513462 0.551923 0.463846 0.403462 0.278462 0.292692 0.297308 0.283846 0.283462 0.389231 0.300385 0.305385 0.355385 0.446154 0.465385 0.451538 0.378077 0.303077 0.386923 0.524615 0.392692 0.506538 0.510000 0.440769 0.418846 0.432692 0.419615 0.435385 0.362692 0.261154 0.188846 
C17 0.561053 0.464211 0.703158 0.598947 0.617368 0.551579 0.483684 0.697895 0.667368 0.602105 0.657368 0.621579 0.601579 0.624211 0.595789 0.475789 0.489474 0.496842 0.663684 0.514211 0.580526 0.580000 0.516842 0.567895 0.406316 0.228421 0.174211 0.218947 0.347895 0.212105 0.357895 0.305263 0.393684 0.414211 0.433158 0.282632 0.321053 0.385263 0.483684 0.247895 0.256316 0.453684 0.381053 0.405263 0.308947 0.515789 0.511053 0.370526 0.394211 0.458947 0.300526 0.172105 
C18 0.313158 0.429474 0.623158 0.618947 0.538947 0.493158 0.368421 0.394211 0.537895 0.648947 0.541579 0.433684 0.528947 0.576842 0.607368 0.566842 0.630526 0.476842 0.392105 0.470526 0.635789 0.561579 0.415789 0.381579 0.369474 0.384737 0.333158 0.441053 0.284211 0.282105 0.204737 0.346316 0.429474 0.280526 0.323158 0.428947 0.460000 0.355789 0.394737 0.190000 0.501579 0.360526 0.412632 0.266842 0.337368 0.440526 0.426842 0.360000 0.362105 0.327368 0.283158 0.374211 
C19 0.467073 0.693415 0.373659 0.464146 0.414634 0.645122 0.552683 0.460000 0.537561 0.464634 0.452439 0.605122 0.484146 0.443171 0.595854 0.491707 0.514878 0.448537 0.462927 0.378049 0.475122 0.427805 0.453659 0.490488 0.657317 0.481951 0.332683 0.314390 0.289024 0.331220 0.280732 0.363659 0.323902 0.320000 0.299268 0.342195 0.259268 0.436341 0.347805 0.205610 0.356829 0.371220 0.315610 0.383171 0.366341 0.321220 0.429756 0.312439 0.339512 0.365122 0.550244 0.525610 
C20 0.652500 0.357500 0.577500 0.467500 0.765000 0.442500 0.720000 0.787500 0.395000 0.765000 0.642500 0.452500 0.760000 0.647500 0.497500 0.690000 0.872500 0.652500 0.710000 0.520000 0.590000 0.757500 0.385000 0.505000 0.640000 0.332500 0.655000 0.347500 0.162500 0.117500 0.352500 0.230000 0.400000 0.387500 0.807500 0.477500 0.447500 0.222500 0.480000 0.485000 0.405000 0.455000 0.710000 0.380000 0.640000 0.555000 0.597500 0.492500 0.490000 0.455000 0.362500 0.297500 
C21 0.370833 0.615000 0.411667 0.679167 0.602500 0.476667 0.704167 0.774167 0.512500 0.593333 0.689167 0.539167 0.352500 0.560000 0.573333 0.418333 0.625000 0.421667 0.645000 0.341667 0.604167 0.740833 0.620000 0.590833 0.580000 0.353333 0.225000 0.272500 0.377500 0.406667 0.421667 0.358333 0.358333 0.313333 0.382500 0.511667 0.410833 0.291667 0.324167 0.459167 0.412500 0.385000 0.533333 0.225833 0.415833 0.461667 0.515000 0.652500 0.395833 0.418333 0.410833 0.485833 
C22 0.505313 0.451563 0.533125 0.373438 0.515938 0.393750 0.482187 0.644375 0.568437 0.539688 0.546562 0.575313 0.556250 0.501250 0.481562 0.577500 0.558438 0.533125 0.462188 0.506875 0.348437 0.447813 0.456563 0.375312 0.479062 0.506563 0.404375 0.399063 0.385312 0.381562 0.441250 0.340000 0.397500 0.398125 0.490938 0.460313 0.506875 0.433438 0.375938 0.500313 0.337500 0.480938 0.373750 0.376875 0.366250 0.466250 0.335313 0.341250 0.371563 0.277813 0.373438 0.347188 
C23 0.484286 0.634762 0.609048 0.632143 0.594524 0.599286 0.600238 0.516429 0.658095 0.622381 0.657143 0.634524 0.653333 0.626667 0.671190 0.719762 0.670952 0.685714 0.616429 0.575238 0.648095 0.534286 0.655952 0.608095 0.562619 0.274524 0.336905 0.331905 0.376429 0.395000 0.389524 0.464286 0.451667 0.449524 0.397857 0.476429 0.451905 0.499286 0.537857 0.500714 0.449524 0.482381 0.428571 0.500476 0.491190 0.490952 0.480714 0.485000 0.439524 0.470238 0.428571 0.248571 
